100 509 24785759.9225
110 509 24785759.9225
115 58 42282506.25
105 59 42282506.25
110 63 42282506.25
119 71 42282506.25
122 74 42282506.25
134 79 42282506.25
128 83 42282506.25
15 90 42282506.25
10 95 42282506.25
178 117 42282506.25
57 126 42282506.25
187 126 42282506.25
123 130 42282506.25
118 136 42282506.25
56 139 42282506.25
87 144 42282506.25
51 145 42282506.25
62 146 42282506.25
48 147 42282506.25
80 148 42282506.25
93 149 42282506.25
84 151 42282506.25
59 153 42282506.25
69 155 42282506.25
78 155 42282506.25
91 157 42282506.25
186 158 42282506.25
64 159 42282506.25
81 159 42282506.25
94 160 42282506.25
109 162 42282506.25
210 162 42282506.25
169 166 42282506.25
180 167 42282506.25
92 170 42282506.25
102 170 42282506.25
106 171 42282506.25
75 172 42282506.25
95 172 42282506.25
83 174 42282506.25
69 176 42282506.25
202 178 42282506.25
208 182 42282506.25
99 185 42282506.25
89 186 42282506.25
82 190 42282506.25
104 191 42282506.25
88 196 42282506.25
108 196 42282506.25
62 197 42282506.25
4 198 42282506.25
5 199 42282506.25
14 199 42282506.25
52 199 42282506.25
65 199 42282506.25
93 202 42282506.25
19 208 42282506.25
32 210 42282506.25
13 212 42282506.25
84 214 42282506.25
105 216 42282506.25
80 217 42282506.25
76 220 42282506.25
24 221 42282506.25
87 221 42282506.25
28 222 42282506.25
160 225 42282506.25
70 229 42282506.25
125 232 42282506.25
126 232 42282506.25
126 233 42282506.25
69 234 42282506.25
88 234 42282506.25
56 235 42282506.25
133 240 42282506.25
151 240 42282506.25
155 241 42282506.25
168 242 42282506.25
13 244 42282506.25
44 244 42282506.25
174 246 42282506.25
50 248 42282506.25
32 249 42282506.25
44 258 42282506.25
154 258 42282506.25
155 259 42282506.25
31 264 42282506.25
54 266 42282506.25
122 271 42282506.25
22 272 42282506.25
20 274 42282506.25
166 275 42282506.25
173 278 42282506.25
114 279 42282506.25
123 280 42282506.25
109 283 42282506.25
68 284 42282506.25
169 284 42282506.25
113 289 42282506.25
175 290 42282506.25
185 291 42282506.25
194 312 42282506.25
69 314 42282506.25
78 315 42282506.25
76 317 42282506.25
198 317 42282506.25
207 317 42282506.25
184 320 42282506.25
57 321 42282506.25
167 323 42282506.25
21 324 42282506.25
11 325 42282506.25
56 325 42282506.25
69 325 42282506.25
19 327 42282506.25
13 328 42282506.25
25 345 42282506.25
28 352 42282506.25
100 366 42282506.25
83 369 42282506.25
93 371 42282506.25
159 372 42282506.25
48 376 42282506.25
109 378 42282506.25
110 379 42282506.25
37 381 42282506.25
38 381 42282506.25
48 381 42282506.25
107 381 42282506.25
37 382 42282506.25
92 390 42282506.25
79 404 42282506.25
109 411 42282506.25
68 416 42282506.25
102 417 42282506.25
73 421 42282506.25
108 421 42282506.25
22 428 42282506.25
85 428 42282506.25
123 429 42282506.25
160 439 42282506.25
25 440 42282506.25
141 449 42282506.25
21 461 42282506.25
39 21 169130025.0
44 23 169130025.0
57 27 169130025.0
65 30 169130025.0
38 31 169130025.0
43 33 169130025.0
73 33 169130025.0
81 36 169130025.0
56 37 169130025.0
83 37 169130025.0
88 39 169130025.0
64 40 169130025.0
90 40 169130025.0
93 42 169130025.0
72 43 169130025.0
96 44 169130025.0
77 45 169130025.0
79 46 169130025.0
99 46 169130025.0
101 47 169130025.0
84 48 169130025.0
103 48 169130025.0
105 49 169130025.0
87 50 169130025.0
107 50 169130025.0
90 52 169130025.0
110 52 169130025.0
92 53 169130025.0
95 55 169130025.0
97 56 169130025.0
99 57 169130025.0
101 58 169130025.0
117 58 169130025.0
103 59 169130025.0
108 63 169130025.0
117 71 169130025.0
131 72 169130025.0
132 74 169130025.0
122 76 169130025.0
134 77 169130025.0
4 78 169130025.0
124 79 169130025.0
125 81 169130025.0
137 81 169130025.0
128 85 169130025.0
139 86 169130025.0
129 87 169130025.0
140 88 169130025.0
17 90 169130025.0
19 91 169130025.0
21 92 169130025.0
131 92 169130025.0
142 93 169130025.0
24 94 169130025.0
132 94 169130025.0
8 95 169130025.0
27 96 169130025.0
29 97 169130025.0
31 98 169130025.0
13 99 169130025.0
15 100 169130025.0
40 101 169130025.0
162 101 169130025.0
18 102 169130025.0
42 102 169130025.0
70 102 169130025.0
44 103 169130025.0
68 103 169130025.0
21 104 169130025.0
46 104 169130025.0
23 105 169130025.0
62 105 169130025.0
25 106 169130025.0
51 106 169130025.0
60 106 169130025.0
27 107 169130025.0
152 108 169130025.0
79 109 169130025.0
182 109 169130025.0
36 110 169130025.0
38 111 169130025.0
74 111 169130025.0
161 111 169130025.0
40 112 169130025.0
42 113 169130025.0
75 113 169130025.0
77 114 169130025.0
47 115 169130025.0
82 116 169130025.0
176 117 169130025.0
41 119 169130025.0
46 121 169130025.0
71 122 169130025.0
182 122 169130025.0
73 123 169130025.0
112 123 169130025.0
114 124 169130025.0
184 124 169130025.0
78 125 169130025.0
116 125 169130025.0
59 126 169130025.0
61 127 169130025.0
121 127 169130025.0
37 128 169130025.0
63 128 169130025.0
187 128 169130025.0
65 129 169130025.0
42 130 169130025.0
125 130 169130025.0
68 131 169130025.0
50 132 169130025.0
70 132 169130025.0
108 132 169130025.0
51 133 169130025.0
110 133 169130025.0
73 134 169130025.0
52 135 169130025.0
76 136 169130025.0
53 137 169130025.0
79 138 169130025.0
118 138 169130025.0
56 141 169130025.0
85 141 169130025.0
89 144 169130025.0
53 145 169130025.0
118 145 169130025.0
189 145 169130025.0
222 145 169130025.0
74 147 169130025.0
117 147 169130025.0
188 147 169130025.0
62 148 169130025.0
78 148 169130025.0
95 149 169130025.0
127 149 169130025.0
187 149 169130025.0
63 150 169130025.0
115 150 169130025.0
59 151 169130025.0
77 151 169130025.0
82 151 169130025.0
126 151 169130025.0
78 153 169130025.0
99 153 169130025.0
125 153 169130025.0
101 155 169130025.0
110 155 169130025.0
123 156 169130025.0
64 157 169130025.0
69 157 169130025.0
81 157 169130025.0
89 157 169130025.0
185 157 169130025.0
184 158 169130025.0
211 158 169130025.0
70 159 169130025.0
210 160 169130025.0
221 160 169130025.0
220 162 169130025.0
219 164 169130025.0
185 165 169130025.0
167 166 169130025.0
182 167 169130025.0
206 167 169130025.0
102 168 169130025.0
159 169 169130025.0
204 170 169130025.0
79 171 169130025.0
108 171 169130025.0
177 171 169130025.0
215 171 169130025.0
53 172 169130025.0
80 172 169130025.0
174 173 169130025.0
214 173 169130025.0
43 174 169130025.0
54 174 169130025.0
80 175 169130025.0
103 175 169130025.0
44 176 169130025.0
148 176 169130025.0
168 176 169130025.0
202 176 169130025.0
100 177 169130025.0
146 177 169130025.0
45 178 169130025.0
69 178 169130025.0
98 178 169130025.0
144 178 169130025.0
163 178 169130025.0
139 180 169130025.0
160 180 169130025.0
211 180 169130025.0
71 181 169130025.0
98 181 169130025.0
137 181 169130025.0
70 182 169130025.0
135 182 169130025.0
99 183 169130025.0
133 183 169130025.0
198 183 169130025.0
67 184 169130025.0
208 184 169130025.0
130 185 169130025.0
197 185 169130025.0
64 186 169130025.0
75 186 169130025.0
76 186 169130025.0
150 186 169130025.0
73 187 169130025.0
75 187 169130025.0
127 187 169130025.0
196 187 169130025.0
6 188 169130025.0
61 188 169130025.0
125 188 169130025.0
145 188 169130025.0
59 189 169130025.0
70 189 169130025.0
72 189 169130025.0
104 189 169130025.0
123 189 169130025.0
143 189 169130025.0
206 189 169130025.0
8 190 169130025.0
69 190 169130025.0
70 190 169130025.0
121 190 169130025.0
141 190 169130025.0
194 190 169130025.0
67 191 169130025.0
68 191 169130025.0
139 191 169130025.0
205 191 169130025.0
66 192 169130025.0
67 192 169130025.0
78 192 169130025.0
118 192 169130025.0
193 192 169130025.0
64 193 169130025.0
65 193 169130025.0
116 193 169130025.0
136 193 169130025.0
62 194 169130025.0
64 194 169130025.0
75 194 169130025.0
108 194 169130025.0
114 194 169130025.0
192 194 169130025.0
203 194 169130025.0
13 195 169130025.0
73 195 169130025.0
112 195 169130025.0
133 195 169130025.0
59 196 169130025.0
131 196 169130025.0
202 196 169130025.0
14 197 169130025.0
47 197 169130025.0
60 197 169130025.0
70 197 169130025.0
129 197 169130025.0
2 198 169130025.0
88 198 169130025.0
127 198 169130025.0
201 198 169130025.0
44 199 169130025.0
54 199 169130025.0
67 199 169130025.0
125 199 169130025.0
190 199 169130025.0
200 200 169130025.0
5 201 169130025.0
41 201 169130025.0
122 201 169130025.0
189 201 169130025.0
63 202 169130025.0
120 202 169130025.0
199 202 169130025.0
38 203 169130025.0
118 203 169130025.0
188 203 169130025.0
18 204 169130025.0
93 204 169130025.0
117 204 169130025.0
187 205 169130025.0
19 206 169130025.0
119 207 169130025.0
186 207 169130025.0
197 207 169130025.0
9 208 169130025.0
91 208 169130025.0
89 209 169130025.0
120 209 169130025.0
185 209 169130025.0
196 209 169130025.0
10 210 169130025.0
22 210 169130025.0
30 210 169130025.0
86 211 169130025.0
184 211 169130025.0
195 211 169130025.0
23 212 169130025.0
27 212 169130025.0
51 212 169130025.0
194 213 169130025.0
13 214 169130025.0
48 214 169130025.0
82 214 169130025.0
100 214 169130025.0
101 214 169130025.0
122 214 169130025.0
182 214 169130025.0
98 215 169130025.0
193 215 169130025.0
14 216 169130025.0
46 216 169130025.0
123 216 169130025.0
181 216 169130025.0
78 217 169130025.0
95 217 169130025.0
15 218 169130025.0
105 218 169130025.0
180 218 169130025.0
191 218 169130025.0
92 219 169130025.0
74 220 169130025.0
179 220 169130025.0
190 220 169130025.0
22 221 169130025.0
89 221 169130025.0
30 222 169130025.0
114 222 169130025.0
178 222 169130025.0
189 222 169130025.0
119 224 169130025.0
177 224 169130025.0
188 224 169130025.0
77 225 169130025.0
176 226 169130025.0
187 226 169130025.0
18 228 169130025.0
123 228 169130025.0
186 228 169130025.0
68 229 169130025.0
174 229 169130025.0
185 230 169130025.0
173 231 169130025.0
82 232 169130025.0
172 233 169130025.0
183 233 169130025.0
71 234 169130025.0
99 234 169130025.0
54 235 169130025.0
